9151 - DOWN
[[-0.48297112, -0.02776738, -0.94286725, -0.42023943],
 [ 0.07506252, -0.50448914,  0.69481074, -0.4159613 ],
 [-1.11589848,  0.64793701,  0.34540193,  0.23519645],
 [-0.39149675,  0.29970105, -0.92300241,  0.88874591]]
[[ 0.37874971,  0.77102025,  0.01516304, -0.8265013 ]]
[[0.08561032],
 [0.06382156],
 [1.03522473],
 [0.29498559]]
[[-0.01969226]]

10726 - DOWN
[[-0.46747744 -0.02847465 -0.94902511 -0.40791559]
 [ 0.0799726  -0.62860827  0.64805109 -0.40891448]
 [-0.77149106  0.67206234  0.36990634  0.25848741]
 [-0.44771332  0.30241463 -0.91183717  0.95617717]]
[[ 0.37859058  0.77102025  0.01339248 -0.81867626]]
[[0.09827097]
 [0.06494603]
 [0.95700083]
 [0.28347026]]
[[-0.01944191]]

11601 - DOWN
[[-0.49524716 -0.02776738 -0.94286725 -0.42023943]
 [ 0.07695058 -0.50448914  0.69481074 -0.4159613 ]
 [-0.96679119  0.66951978  0.34540193  0.23519645]
 [-0.39149675  0.29970105 -0.92300241  0.87987479]]
[[ 0.37874971  0.77102025  0.01396571 -0.8265013 ]]
[[0.08561032]
 [0.06382156]
 [1.03522473]
 [0.29498559]]
[[-0.01948187]]

19301 - DOWN
[[-0.48297112 -0.02782417 -0.94286725 -0.42153368]
 [ 0.07506252 -0.50448914  0.70561403 -0.4159613 ]
 [-1.11589848  0.68831465  0.34540193  0.23656699]
 [-0.39429573  0.29970105 -0.92300241  0.9029304 ]]
[[ 0.37954723  0.77102025  0.01543284 -0.8265013 ]]
[[0.08432911]
 [0.06600956]
 [1.03522473]
 [0.29498559]]
[[-0.01893249]]

14000 - DOWN
[[-0.45831811 -0.02564818 -0.99032823 -0.40599692]
 [ 0.07433855 -0.47887977  0.68099524 -0.45144038]
 [-1.05966105  0.66272813  0.34063553  0.20791038]
 [-0.38990931  0.28934401 -0.9254182   0.80897037]]
[[ 0.38431384  0.75876922  0.01639198 -0.82259381]]
[[0.07791274]
 [0.0631991 ]
 [1.08653537]
 [0.31701121]]
[[-0.02055501]]

8000 - DOWN after 600 generations
[[-0.51577548 -0.02775661 -0.69099738 -0.40192342]
 [ 0.07454834 -0.47631785  0.62981019 -0.37955616]
 [-1.13963695  0.47599485  0.29424286  0.26360001]
 [-0.42909574  0.25221646 -0.89727821  0.95959913]]
[[ 0.39743863  0.7765837   0.0119014  -0.82322957]]
[[0.09646239]
 [0.06562725]
 [1.7101988 ]
 [0.34772456]]
[[-0.02276807]]





